1.193749187062996242e+01
1.440346098809747666e+01
1.429854360104656408e+01
1.543214952074407798e+01
2.716168516994146742e+01
2.603136714024534371e+01
3.134613154056314599e+01
3.401248509332091885e+01
4.392740769489595465e+01
4.992563842014627795e+01
6.234561587179713626e+01
5.785340083505055730e+01
6.107575290115624256e+01
6.329284886746616934e+01
6.764822387919609525e+01
7.652062464490724381e+01
8.087934455717537219e+01
5.484516345529368664e+01
5.065160853325565427e+01
4.014523445453305328e+01
3.135229703548715818e+01
3.694500725279306863e+01
4.653002308172835910e+01
3.164828185862076282e+01
3.848936931798791505e+01
2.453065177176698342e+01
2.266171968643284274e+01
1.996936443258278615e+01
2.168816432055990973e+01
2.804187840848592828e+01
1.548982915611260580e+01
1.394806650837946727e+01
1.217766620596201044e+01
1.002285416445132071e+01
9.247592829592099051e+00
9.428018275411114146e+00
