5.988582080857510204e-02 1.207287928007014094e-01 8.436199719569121847e-01 1.325589697840192427e+00 1.963466510399672016e+00 2.271422831460335079e+00 2.543857109278774953e+00 2.704096292191020101e+00 3.083860081038379164e+00 3.403694659993428573e+00 3.737170928348690246e+00
0.000000000000000000e+00 9.775136898520334072e-02 6.949237242433512485e-01 1.092605103069576922e+00 1.629941869216620987e+00 1.990001446192195100e+00 2.295882684442280386e+00 2.467201261143233904e+00 2.872866496924069590e+00 3.209764174543857429e+00 3.555651201331656797e+00
0.000000000000000000e+00 0.000000000000000000e+00 4.351625305837119595e-01 7.019518461254473651e-01 1.105231943924332771e+00 1.588677158067019146e+00 1.958047248052504630e+00 2.145352208740575861e+00 2.599000510451239698e+00 2.965456068302283477e+00 3.333691005267691576e+00
0.000000000000000000e+00 0.000000000000000000e+00 0.000000000000000000e+00 1.054409879995339416e-01 4.046592305944876067e-01 1.209053977041102179e+00 1.663524789458923570e+00 1.876566194029584356e+00 2.372142125335967133e+00 2.761681539214948966e+00 3.144582355959368414e+00
0.000000000000000000e+00 0.000000000000000000e+00 0.000000000000000000e+00 0.000000000000000000e+00 2.184550856343935310e-01 1.046463332362586707e+00 1.465592159722249432e+00 1.674163029969082839e+00 2.117593945597719074e+00 2.466339619061692190e+00 2.808420884888174207e+00
0.000000000000000000e+00 0.000000000000000000e+00 0.000000000000000000e+00 0.000000000000000000e+00 0.000000000000000000e+00 8.245951299079574692e-01 1.167515335664139453e+00 1.356853025113971434e+00 1.717496580122077843e+00 2.000632577246449717e+00 2.279498849767582769e+00
0.000000000000000000e+00 0.000000000000000000e+00 0.000000000000000000e+00 0.000000000000000000e+00 0.000000000000000000e+00 0.000000000000000000e+00 1.922404753582684922e-03 2.637647157020766020e-01 4.767948543306044229e-01 6.030319772869962014e-01 7.464796464623960626e-01
0.000000000000000000e+00 0.000000000000000000e+00 0.000000000000000000e+00 0.000000000000000000e+00 0.000000000000000000e+00 0.000000000000000000e+00 0.000000000000000000e+00 1.874635908190608879e-01 4.125860490349739784e-01 5.375230974295572839e-01 6.721223912132511247e-01
0.000000000000000000e+00 0.000000000000000000e+00 0.000000000000000000e+00 0.000000000000000000e+00 0.000000000000000000e+00 0.000000000000000000e+00 0.000000000000000000e+00 0.000000000000000000e+00 3.361295584294535232e-01 4.632310859847446061e-01 5.893252936559308930e-01
0.000000000000000000e+00 0.000000000000000000e+00 0.000000000000000000e+00 0.000000000000000000e+00 0.000000000000000000e+00 0.000000000000000000e+00 0.000000000000000000e+00 0.000000000000000000e+00 0.000000000000000000e+00 1.788418967726900649e-02 5.252667422165548106e-02
0.000000000000000000e+00 0.000000000000000000e+00 0.000000000000000000e+00 0.000000000000000000e+00 0.000000000000000000e+00 0.000000000000000000e+00 0.000000000000000000e+00 0.000000000000000000e+00 0.000000000000000000e+00 0.000000000000000000e+00 4.270068740533611990e-02
