3.232410183028778583e+00 3.000321904740922641e+00 2.795184316408327430e+00 2.457368274277152320e+00 1.953856156943642119e+00 6.220663720519967743e-01 5.376979129706008775e-01 4.419939702419481975e-01 3.501778281443698737e-02 2.135034370266805995e-02 0.000000000000000000e+00
0.000000000000000000e+00 3.205586612196125618e+00 3.012939930215067008e+00 2.664034741814925500e+00 2.135520624724605909e+00 7.081331789184208692e-01 6.326112481772352414e-01 5.490143559214349933e-01 2.389376164560487736e-01 1.748438549042196088e-01 1.015379238028661230e-01
0.000000000000000000e+00 0.000000000000000000e+00 3.243602717495907228e+00 2.877388362799758514e+00 2.315926691345188360e+00 7.728315415697867286e-01 7.030761414988904168e-01 6.272633880741439460e-01 3.095240570811362835e-01 2.406683777927401402e-01 1.703975680432531226e-01
0.000000000000000000e+00 0.000000000000000000e+00 0.000000000000000000e+00 3.051643237773673967e+00 2.471752724473176510e+00 8.702054311042124457e-01 8.052007230793956083e-01 7.353635486507845709e-01 4.600322832368827219e-01 3.677498347701438353e-01 2.749252661416161647e-01
0.000000000000000000e+00 0.000000000000000000e+00 0.000000000000000000e+00 0.000000000000000000e+00 2.907647411351572675e+00 1.693499436376642686e+00 1.584713562577183321e+00 1.468063575113433883e+00 1.295493518686281265e+00 1.107658881824534758e+00 9.081346565134349458e-01
0.000000000000000000e+00 0.000000000000000000e+00 0.000000000000000000e+00 0.000000000000000000e+00 0.000000000000000000e+00 2.444347622703301415e+00 2.294534696309743715e+00 2.134575001052831489e+00 1.968106675478063616e+00 1.707617984467259875e+00 1.430062391630102292e+00
0.000000000000000000e+00 0.000000000000000000e+00 0.000000000000000000e+00 0.000000000000000000e+00 0.000000000000000000e+00 0.000000000000000000e+00 3.221416229295266387e+00 3.003966825099328108e+00 2.814370115000199402e+00 2.472301483889904006e+00 2.107059675793975906e+00
0.000000000000000000e+00 0.000000000000000000e+00 0.000000000000000000e+00 0.000000000000000000e+00 0.000000000000000000e+00 0.000000000000000000e+00 0.000000000000000000e+00 3.220563452000614113e+00 3.038726367118552041e+00 2.715976299879476752e+00 2.376692881993215600e+00
0.000000000000000000e+00 0.000000000000000000e+00 0.000000000000000000e+00 0.000000000000000000e+00 0.000000000000000000e+00 0.000000000000000000e+00 0.000000000000000000e+00 0.000000000000000000e+00 3.250044314058178507e+00 2.943284114870239776e+00 2.624826870461978157e+00
0.000000000000000000e+00 0.000000000000000000e+00 0.000000000000000000e+00 0.000000000000000000e+00 0.000000000000000000e+00 0.000000000000000000e+00 0.000000000000000000e+00 0.000000000000000000e+00 0.000000000000000000e+00 3.118520337165891387e+00 2.801734369121558821e+00
0.000000000000000000e+00 0.000000000000000000e+00 0.000000000000000000e+00 0.000000000000000000e+00 0.000000000000000000e+00 0.000000000000000000e+00 0.000000000000000000e+00 0.000000000000000000e+00 0.000000000000000000e+00 0.000000000000000000e+00 3.134673966457558691e+00
