9.875000000000000000e+00 1.169999999999999929e+01 3.270000000000000284e+01 9.724595153250421842e-02
9.625000000000000000e+00 1.100000000000000000e+01 3.210000000000000142e+01 9.682890211567615757e-02
9.284545454545453325e+00 1.500000000000000000e+01 4.089999999999999858e+01 3.239581742318166646e-01
7.791999999999998927e+00 9.000000000000000000e+00 2.639999999999999858e+01 1.112330855933730822e-01
8.605999999999999872e+00 1.130000000000000071e+01 3.061999999999999744e+01 2.047571593052879835e-01
7.422500000000000320e+00 9.070000000000000284e+00 2.609000000000000341e+01 1.647727997958357560e-01
5.543999999999999595e+00 6.320000000000000284e+00 1.780000000000000071e+01 8.082382631362654279e-02
7.250000000000000000e+00 2.010000000000000142e+01 3.432999999999999829e+01 6.352981600374072446e-01
1.099363636363636409e+01 1.590000000000000036e+01 3.939999999999999858e+01 1.883567692670683746e-01
1.316500000000000092e+01 1.980000000000000071e+01 4.910000000000000142e+01 3.115168830829889712e-01
2.771000000000000085e+01 5.870000000000000284e+01 1.024000000000000057e+02 5.247568014788925872e-01
1.674399999999999977e+01 3.910000000000000142e+01 8.220000000000000284e+01 5.460966393622757042e-01
1.129600000000000115e+01 1.789999999999999858e+01 4.359999999999999432e+01 2.750619788264900278e-01
2.544099999999999540e+01 5.579999999999999716e+01 1.401999999999999886e+02 6.578154252009283942e-01
1.496636363636363676e+01 2.119999999999999929e+01 6.009999999999999432e+01 2.827881113718848649e-01
2.661000000000000298e+01 8.379999999999999716e+01 1.308000000000000114e+02 9.069830866515133927e-01
2.432000000000000028e+01 5.779999999999999716e+01 1.214000000000000057e+02 5.781678260405732628e-01
1.636599999999999966e+01 2.460000000000000142e+01 7.170000000000000284e+01 3.550949082429449843e-01
8.391000000000001791e+00 1.440000000000000036e+01 3.614999999999999858e+01 3.544767951829278507e-01
4.194000000000000838e+00 5.620000000000000107e+00 1.578000000000000114e+01 1.924997778235036650e-01
3.390000000000000124e+00 4.400000000000000355e+00 1.166999999999999993e+01 1.202367987559560675e-01
2.935000000000000053e+00 3.310000000000000053e+00 9.560000000000000497e+00 7.337918306029418691e-02
5.149000000000000021e+00 1.009999999999999964e+01 2.410000000000000142e+01 4.647885303499302845e-01
6.426363636363634946e+00 1.459999999999999964e+01 3.581999999999999318e+01 6.367193389136585058e-01
5.435999999999999943e+00 9.539999999999999147e+00 2.370999999999999730e+01 3.919566722894922139e-01
1.032300000000000040e+01 3.279999999999999716e+01 6.800000000000000000e+01 9.808416325692125293e-01
5.781000000000000583e+00 1.109999999999999964e+01 2.695000000000000284e+01 4.346079716590273145e-01
3.091000000000000192e+00 3.529999999999999805e+00 1.030000000000000071e+01 1.009724203522326391e-01
2.424000000000000377e+00 2.890000000000000124e+00 8.439999999999999503e+00 1.512676267420133558e-01
1.841818181818181577e+00 2.049999999999999822e+00 5.959999999999999964e+00 7.090820104340318786e-02
1.664999999999999813e+00 1.780000000000000027e+00 5.230000000000000426e+00 6.007674109358823733e-02
1.894000000000000128e+00 5.299999999999999822e+00 7.629999999999999893e+00 6.468514926417925359e-01
2.217999999999999972e+00 5.740000000000000213e+00 1.006000000000000050e+01 5.667092253793428736e-01
1.546999999999999931e+00 2.459999999999999964e+00 5.679999999999999716e+00 2.409239171861360385e-01
1.579000000000000181e+00 1.929999999999999938e+00 5.259999999999999787e+00 1.113641523224286611e-01
1.239999999999999991e+00 1.520000000000000018e+00 4.060000000000000497e+00 9.023613374644753882e-02
