1.802502258282396497e+01
1.748733677539085463e+01
2.180235401229346692e+01
1.432838726181588207e+01
1.682649679774940310e+01
1.414775265480949962e+01
9.841563558961286873e+00
2.103897848598820630e+01
2.215256458172193277e+01
2.744654792410727140e+01
6.402523470931645022e+01
4.671781927976434190e+01
2.438102683820174477e+01
7.458495933776551112e+01
3.209410215312180981e+01
8.265095349228296584e+01
6.889974230459671389e+01
3.759274364409122171e+01
1.976386794028418592e+01
8.523599316579193896e+00
6.480664289090004360e+00
5.240909561749299783e+00
1.324044325536041988e+01
1.916711173210775954e+01
1.298000986177120986e+01
3.780567002013987121e+01
1.473792483789308960e+01
5.612108245668007811e+00
4.566316962622865461e+00
3.265590767297193331e+00
2.872376566772584461e+00
5.078521096039877669e+00
6.134302583778417528e+00
3.247357552334091402e+00
2.915212628744917822e+00
2.267947202889943004e+00
