9.584838709677418578e+00 4.089999999999999858e+01 7.374000000000000909e+01 1.983539510922086579e-01
7.977142857142856869e+00 3.061999999999999744e+01 6.707999999999999829e+01 1.738624175360231894e-01
8.028064516129031603e+00 4.739999999999999858e+01 9.332000000000000739e+01 4.549059653945089488e-01
1.920633333333332970e+01 1.221000000000000085e+02 1.950000000000000000e+02 6.080798613540526754e-01
1.716129032258064413e+01 1.401999999999999886e+02 2.290999999999999659e+02 6.617631328789221890e-01
2.243200000000000571e+01 1.776999999999999886e+02 3.102000000000000455e+02 7.359613936866563622e-01
5.262580645161291315e+00 3.614999999999999858e+01 6.700999999999999091e+01 5.318465678303703204e-01
4.888064516129031922e+00 3.581999999999999318e+01 6.104999999999999716e+01 6.297240782747773880e-01
7.179999999999998828e+00 6.800000000000000000e+01 1.073499999999999943e+02 8.843149276903599088e-01
2.432580645161291244e+00 1.030000000000000071e+01 2.267999999999999972e+01 2.424152535968524258e-01
1.925666666666666860e+00 1.336999999999999922e+01 2.067000000000000171e+01 5.225347712738421802e-01
1.448387096774193417e+00 6.040000000000000036e+00 1.268999999999999950e+01 1.952493980414411745e-01
